1	3	30	34	36	38
8	15	18	25	34	38
2	3	7	9	16	27
7	12	18	22	33	39
3	4	14	29	32	34
5	19	31	34	35	38
13	15	18	19	24	26
3	4	8	20	24	30
1	3	8	12	14	30
5	11	20	30	31	34
4	6	14	16	17	31
5	14	18	21	34	37
3	4	11	17	22	29
11	16	17	26	33	38
4	17	27	28	29	37
2	8	22	27	33	36
11	25	30	31	33	39
3	5	11	22	31	37
1	6	13	22	29	33
1	5	7	18	19	36
7	11	20	23	26	36
15	23	28	30	33	38
2	8	13	30	32	38
6	12	20	29	37	38
8	20	25	32	37	38
1	10	17	19	32	39
5	6	7	12	22	36
13	15	20	23	29	37
2	6	17	23	29	32
6	11	12	20	23	32
1	2	5	6	7	9
1	12	18	27	28	37
7	12	24	27	29	32
1	4	13	17	23	26
1	8	18	23	25	27
13	20	23	29	32	38
8	11	17	24	25	27
1	8	13	25	28	34
7	9	16	22	34	38
16	21	24	30	31	35
3	11	19	22	25	29
11	25	30	31	33	39
1	3	4	18	35	36
3	11	22	23	25	31
5	9	19	20	24	31
1	4	12	18	23	37
10	24	25	27	28	34
18	22	23	30	33	36
2	7	8	23	36	37
8	10	17	25	27	36
11	13	19	28	31	35
6	9	11	20	24	26
8	12	18	25	28	35
2	13	18	29	33	34
3	8	9	14	28	36
2	3	7	9	16	27
13	16	17	23	25	31
5	8	14	23	29	30
1	14	25	28	29	31
12	20	22	28	37	38
6	19	23	33	35	37
2	12	25	27	32	39
15	19	20	26	27	38
2	14	26	30	33	34
6	12	18	27	29	33
8	9	20	22	27	28
19	21	26	31	38	39
10	13	20	21	34	37
1	14	20	35	38	39
1	3	16	28	31	34
16	21	23	33	36	37
12	22	23	26	28	37
2	7	14	15	31	32
4	25	26	27	36	38
17	18	22	24	26	39
2	4	12	13	15	26
1	2	7	16	38	39
3	6	13	30	33	37
3	4	10	20	23	36
4	8	10	25	26	39
13	14	15	24	33	36
6	17	18	23	27	28
4	6	20	21	24	39
5	13	21	22	25	33
6	7	22	26	32	37
2	4	8	9	28	35
5	15	26	30	33	36
1	4	19	24	26	37
5	11	16	26	32	34
5	15	17	18	22	36
1	14	21	25	28	39
3	12	13	23	35	38
11	15	23	26	35	36
11	12	21	23	31	37
4	20	24	28	34	38
9	10	15	17	24	35
3	6	21	27	28	31
2	3	8	13	15	36
1	9	27	29	30	33
13	14	17	22	23	36
10	13	14	17	34	39
1	15	24	25	28	37
1	8	14	15	20	29
4	6	9	12	25	33
15	22	23	28	32	36
2	6	17	20	35	37
10	13	21	24	26	33
11	14	23	34	36	39
10	12	15	22	32	37
9	20	21	24	25	32
5	10	25	26	28	39
2	6	8	22	36	38
10	12	13	21	26	29
5	10	13	24	25	31
7	15	17	19	22	23
6	8	17	29	35	36
6	16	22	24	29	31
13	16	20	23	34	38
2	20	29	30	34	37
2	8	16	22	23	33
1	2	7	12	22	27
2	12	19	20	38	39
28	31	32	34	35	39
5	8	9	10	15	21
5	8	10	11	23	31
19	28	29	31	35	36
4	13	17	21	25	34
5	8	28	29	31	34
13	19	20	23	29	31
8	10	11	16	20	22
13	15	16	22	28	34
3	5	6	10	24	29
3	4	6	12	28	37
5	6	23	31	34	35
21	22	23	28	29	38
9	23	25	32	33	36
6	12	17	25	31	35
6	8	24	26	36	39
3	6	11	13	33	37
9	16	22	27	34	38
1	4	10	25	33	39
4	9	23	25	26	32
3	11	17	26	38	39
1	3	9	10	21	30
2	3	8	10	16	33
1	2	5	18	27	32
14	16	17	19	26	35
1	2	4	9	30	33
1	5	21	24	27	29
5	7	11	13	20	27
7	8	15	17	21	37
1	14	16	20	22	26
1	2	4	9	29	36
4	8	9	12	25	27
8	11	15	22	28	31
2	4	10	12	30	35
5	6	10	34	36	37
1	7	10	31	33	35
7	11	12	14	15	18
5	14	15	22	29	34
2	3	19	31	36	38
3	24	25	26	36	38
4	7	10	12	31	37
12	18	28	32	36	37
17	18	22	25	31	37
15	19	22	23	30	37
5	7	14	20	31	34
2	4	20	32	38	39
4	13	19	22	23	38
5	8	15	23	31	39
8	11	12	14	15	23
2	11	20	25	32	35
3	4	10	19	26	38
6	8	9	12	20	32
1	22	31	34	37	38
1	7	11	17	26	30
8	14	21	29	38	39
1	5	10	13	26	30
2	5	9	12	26	29
4	12	14	27	31	33
3	14	17	24	29	33
6	11	18	33	34	37
2	4	5	12	21	33
4	18	24	36	37	38
11	12	25	29	30	35
7	16	18	23	32	34
13	14	20	32	35	37
2	13	16	17	18	30
8	10	16	19	33	38
3	20	21	27	33	39
5	7	10	23	24	30
3	6	20	24	33	38
7	16	19	28	30	39
4	11	14	24	33	34
11	16	21	24	28	37
4	10	12	18	33	38
2	12	14	16	26	35
8	15	20	21	28	39
9	10	13	23	29	31
4	9	25	26	27	33
14	19	21	30	35	38
6	8	10	15	24	39
4	8	12	20	32	36
1	2	5	11	21	30
5	9	11	21	34	36
12	16	25	31	36	39
2	14	19	34	37	38
10	14	19	24	29	37
2	3	28	31	32	37
3	6	20	21	26	27
17	18	19	22	36	38
13	18	22	33	34	37
6	10	17	29	33	34
3	8	18	26	32	36
8	12	13	15	17	24
9	12	31	37	38	39
2	20	25	26	36	37
3	5	13	20	27	38
19	21	23	25	27	28
4	6	12	14	19	38
8	17	28	32	35	39
8	15	16	28	30	34
5	10	14	18	26	33
1	12	14	15	19	27
4	5	6	8	9	33
7	11	12	26	29	30
12	16	28	29	34	39
24	25	29	31	33	39
9	10	18	31	34	36
8	9	26	28	33	39
5	11	14	25	29	35
1	2	8	18	19	39
2	4	10	27	34	35
12	19	23	27	34	39
4	8	13	22	34	39
15	20	25	28	30	37
4	17	21	29	30	31
1	11	16	23	25	26
3	12	21	22	23	26
2	19	26	31	36	39
1	2	7	12	13	35
6	9	16	19	24	31
1	10	13	27	28	36
17	21	29	34	37	39
1	3	5	15	17	24
2	11	14	16	28	34
8	9	15	16	19	31
1	4	6	7	31	33
2	3	9	23	32	33
9	15	16	20	22	27
2	9	19	22	32	33
1	2	5	18	27	32
9	15	16	19	25	36
5	12	24	26	31	38
3	5	13	15	21	28
3	6	14	21	32	36
8	18	22	25	27	28
5	7	12	18	35	37
5	11	17	19	21	23
3	9	14	16	24	30
9	10	15	27	34	39
18	31	33	34	35	36
4	19	21	22	24	28
2	5	12	17	30	39
10	11	15	28	32	39
5	12	19	27	28	31
12	26	27	32	36	38
1	10	12	18	20	36
14	16	27	31	33	34
2	13	14	28	38	39
6	7	10	11	13	31
1	7	11	25	31	38
1	5	19	26	38	39
4	7	23	33	34	36
3	5	6	7	28	31
3	6	12	24	36	38
9	18	32	34	35	37
6	10	12	19	22	35
12	22	27	28	30	31
15	22	25	31	38	39
3	5	16	25	31	37
10	11	22	28	34	37
1	9	13	23	29	31
2	10	11	14	25	26
10	15	19	20	24	39
11	19	20	22	35	39
1	8	21	27	33	35
5	6	13	19	33	39
4	5	27	32	35	38
10	18	32	33	35	36
1	3	8	29	31	33
1	2	8	28	30	32
3	8	14	23	35	39
4	16	23	25	34	36
12	13	15	21	25	28
3	5	10	25	27	34
20	23	31	33	35	39
7	17	27	34	37	38
5	12	17	19	27	35
4	8	15	16	22	33
1	2	26	28	30	31
1	5	12	16	20	33
5	10	14	15	24	36
11	21	22	26	28	33
12	14	15	21	28	35
1	4	6	11	15	35
5	11	12	13	22	37
13	17	18	24	25	27
6	8	10	19	35	39
5	13	19	29	30	31
11	16	20	23	24	29
1	2	3	24	25	37
2	16	21	22	24	29
11	18	30	31	33	35
9	29	34	36	37	38
15	21	22	35	36	39
4	12	14	30	35	36
20	21	24	25	35	37
6	9	13	21	37	39
1	2	16	18	28	37
4	12	14	19	20	26
1	19	22	34	37	38
11	21	22	27	30	34
6	8	20	21	22	27
4	9	15	24	36	39
6	7	12	27	34	35
1	2	4	12	21	36
6	9	19	22	36	39
4	5	6	19	21	29
9	12	16	18	23	32
2	16	22	25	34	36
18	19	25	32	33	38
14	15	18	28	31	38
8	18	23	26	32	33
1	2	11	18	28	32
20	26	27	28	36	38
2	3	4	8	15	28
2	7	8	17	25	39
1	4	6	16	17	37
9	14	26	32	33	38
17	26	28	29	30	37
